(0.24, 0.108)
(0.188, 0.084)
(0.18, 0.1)
(0.148, 0.112)
(0.14, 0.14)
(0.188, 0.196)
(0.216, 0.212)
(0.24, 0.148)
(0.204, 0.108)
(0.264, 0.108)
(0.188, 0.156)
(0.14, 0.1)
(0.124, 0.112)
(0.136, 0.156)
(0.176, 0.256)
(0.18, 0.128)
(0.296, 0.212)
(0.228, 0.228)
(0.32, 0.22)
(0.288, 0.16)
(0.252, 0.096)
(0.092, 0.044)
(0.308, 0.064)
(0.352, 0.064)
(0.252, 0.12)
(0.304, 0.096)
(0.188, 0.128)
(0.156, 0.108)
(0.172, 0.148)
(0.148, 0.108)
(0.192, 0.104)
(0.22, 0.092)
(0.204, 0.124)
(0.132, 0.112)
(0.172, 0.1)
(0.176, 0.064)
(0.172, 0.072)
(0.108, 0.068)
(0.152, 0.124)
(0.172, 0.112)
(0.24, 0.104)
(0.128, 0.096)
(0.132, 0.124)
(0.176, 0.104)
(0.12, 0.08)
(0.24, 0.152)
(0.216, 0.144)
(0.22, 0.064)
(0.168, 0.116)
(0.172, 0.128)
(0.184, 0.152)
(0.16, 0.22)
(0.248, 0.2)
(0.212, 0.108)
(0.316, 0.104)
(0.324, 0.172)
(0.216, 0.156)
(0.176, 0.14)
(0.272, 0.156)
(0.316, 0.204)
(0.224, 0.148)
(0.2, 0.148)
(0.212, 0.148)
(0.26, 0.152)
(0.26, 0.152)
(0.272, 0.116)
(0.188, 0.104)
(0.264, 0.124)
(0.308, 0.116)
(0.268, 0.112)
(0.256, 0.092)
(0.316, 0.136)
(0.22, 0.088)
(0.232, 0.104)
(0.248, 0.092)
(0.248, 0.116)
(0.128, 0.108)
(0.184, 0.072)
(0.272, 0.108)
(0.184, 0.084)
(0.164, 0.084)
(0.2, 0.124)
(0.132, 0.12)
(0.224, 0.096)
(0.272, 0.164)
(0.236, 0.136)
(0.216, 0.14)
(0.22, 0.14)
(0.292, 0.1)
(0.22, 0.148)
(0.228, 0.108)
(0.244, 0.16)
(0.208, 0.116)
(0.208, 0.108)
(0.192, 0.128)
(0.236, 0.156)
(0.148, 0.1)
(0.212, 0.108)
(0.32, 0.1)
(0.228, 0.116)
(0.212, 0.1)
(0.292, 0.132)
(0.244, 0.1)
(0.228, 0.156)
(0.236, 0.12)
(0.244, 0.112)
(0.256, 0.116)
(0.208, 0.1)
(0.192, 0.132)
(0.224, 0.096)
(0.168, 0.028)
(0.276, 0.088)
(0.248, 0.116)
(0.26, 0.092)
(0.236, 0.076)
(0.188, 0.116)
(0.196, 0.104)
(0.224, 0.116)
(0.188, 0.056)
(0.172, 0.048)
(0.232, 0.068)
(0.176, 0.104)
(0.276, 0.112)
(0.172, 0.096)
(0.156, 0.168)
(0.148, 0.172)
(0.172, 0.116)
(0.2028985507246377, 0.15942028985507245)