(0.0028535284403082895, 0.0059555128750865055)
(0.0018558069381598794, 0.005378196618769374)
(0.0026951635739561434, 0.0069979678272550794)
(0.002089681968358439, 0.005880098449022597)
(0.002592096464355853, 0.0074770779319766395)
(0.002508323237014851, 0.006549487762839156)
(0.002071612451701722, 0.006287051950046633)
(0.0048007916704898125, 0.0075079688285570635)
(0.002490750997368644, 0.007059759300950915)
(0.0019708763132292545, 0.00796721697806837)
(0.003134122526342206, 0.009776860218074564)
(0.005293474119096679, 0.00791228563262316)
(0.004068298466912008, 0.00797828452077678)
(0.0035513264154669456, 0.006733898656383176)
(0.0026861827886595687, 0.007583189235085519)
(0.002223474783730202, 0.013793351134813647)
(0.002722985142652325, 0.023889106460088422)
(0.006581374174762585, 0.007733619724601687)
(0.004667405472064914, 0.00820878810713075)
(0.003050293674844422, 0.005993265270161555)
(0.0030463912964064396, 0.004068505353659816)
(0.0017695857032544338, 0.005189487774007898)
(0.004063963981084051, 0.006851106579179335)
(0.002612841829242085, 0.008256410352222373)
(0.0020678990299346335, 0.008242218742094567)
(0.003493085629540738, 0.009930104102124226)
(0.002774535986478038, 0.010239223229508262)
(0.00098256708054662, 0.012003161441241937)
(0.0012790884094592535, 0.013252085470653246)
(0.0015223795769074406, 0.01807508012283554)
(0.0007836935123699829, 0.01680656185919344)
(0.0011280958807274597, 0.0034040579578660073)
(0.0011677402121442369, 0.0065996194551922105)
(0.001371406760818189, 0.0022401627139630237)
(0.001218770409381528, 0.004521379550550704)
(0.0018236824836670037, 0.0024290309965232567)
(0.000641253088157113, 0.002433614338877497)
(0.0009241646657436131, 0.0021076979882862236)
(0.0021485004890190646, 0.0025662748199512904)
(0.0006512754350912245, 0.0024687658093540447)
(0.0008948602122515165, 0.0023363332816657622)
(0.0008753085923364561, 0.0035051736833857576)
(0.000560515873015873, 0.003935456064403433)
(0.00046726190476190473, 0.0029953843817001713)
(0.00042301525873507297, 0.00217059967597052)
(0.0005685716315511712, 0.002295138195138195)
(0.00038358210417033944, 0.0026061204705167553)
(0.0007810406698564594, 0.0027514281470163823)
(0.0002961038961038961, 0.0034358298564180914)
(0.0003222222222222222, 0.003931875477463712)
(0.0003793973999856353, 0.0034436391223155926)
(0.000527020202020202, 0.004174025402701873)
(0.00039466089466089465, 0.004501695526695527)
(0.0003794584500466853, 0.004923338649654439)
(0.0003071862348178138, 0.002423482949798739)
(0.0002956709956709957, 0.002971545997861787)
(0.00019824660633484164, 0.002985334926511397)
(9.090909090909092e-05, 0.0012095959595959595)
(0.00012698412698412698, 0.003529910367410367)
(0.0018297723904922047, 0.010640311077811078)
(0.0014532509157509158, 0.006650233302129586)
(0.0009831529581529582, 0.0037671068697384485)
(0.0014539044563967164, 0.008346877127000966)
(0.001355601033813108, 0.02279403578447696)
(0.0019130278031745255, 0.008326013013100778)
(0.004698626707194482, 0.006709394930834559)
(0.0050344083904758285, 0.008581098735734287)
(0.00435630379812975, 0.005456376135904)
(0.0016706254701610737, 0.0033443457671163282)
(0.0025542269667037467, 0.00286440005642792)
(0.0031515854385739295, 0.004324268682402684)
(0.0027856633562515914, 0.003690437727334012)
(0.002471872319735424, 0.002838394657682247)
(0.0035911698479725806, 0.0038516147994779033)
(0.0033292882227701852, 0.004763402903874367)
(0.004321113518628662, 0.004182448642912702)
(0.0022513813227199955, 0.0026199250768674646)
(0.0036460807888362068, 0.003386630854525591)
(0.00503049915770504, 0.0045158884476376735)
(0.004277946772234361, 0.004479694846366)
(0.005484178144061708, 0.006369592505727921)
(0.004123491008475528, 0.002086854197574012)
(0.0022387522393327347, 0.002617349579385183)
(0.002599430946814511, 0.0027917635426149357)
(0.0018649971075199907, 0.003787762073256756)
(0.0023078418112625274, 0.00456074756707076)
(0.0021079306858718624, 0.0037801318606188036)
(0.002209986851178465, 0.003925449002608446)
(0.002508945216962783, 0.002012641407664291)
(0.0009879369138959932, 0.0026116259585451268)
(0.0016408414197887882, 0.002447989092377637)
(0.002401357709435269, 0.0010738634931252633)
(0.0020519091532249425, 0.002417000537588773)
(0.003041667571558876, 0.0015233760520525226)
(0.0011236355148119854, 0.0015919014450125636)
(0.0022925660296016334, 0.0012381063623862116)
(0.002229586170436554, 0.0015881876149829441)
(0.0013897759103641456, 0.0020751487676410277)
(0.0011334738790621144, 0.0014865813709853957)
(0.0015942533773416125, 0.0012172942253824606)
(0.0002564425770308123, 0.0007168622298417695)
(0.0003301910507792861, 0.0012181705119785615)
(0.000838009213009213, 0.0009584415584415584)
(0.0007552075375604787, 0.0013599489236253942)
(0.001063681841034782, 0.0005802777777777778)
(0.000454312251216276, 0.0010144455389811426)
(0.00024358974358974357, 0.0008475108225108225)
(0.00023376623376623377, 0.00038658963585434174)
(0.0008441561777239526, 0.0022125257910154935)
(0.003425265485164193, 0.0036080970336852688)
(0.0030214337520065074, 0.0049298319069990895)
(0.0029140457538677353, 0.003976325584908503)
(0.0033826336305593273, 0.006889062104905758)
(0.0035651253269211145, 0.00428183887943828)